         199          79          79
  -18.849555921538759     
  -18.659156366775740     
  -18.468756812012725     
  -18.278357257249706     
  -18.087957702486687     
  -17.897558147723672     
  -17.707158592960653     
  -17.516759038197634     
  -17.326359483434615     
  -17.135959928671600     
  -16.945560373908581     
  -16.755160819145562     
  -16.564761264382547     
  -16.374361709619528     
  -16.183962154856509     
  -15.993562600093492     
  -15.803163045330475     
  -15.612763490567456     
  -15.422363935804439     
  -15.231964381041422     
  -15.041564826278403     
  -14.851165271515384     
  -14.660765716752369     
  -14.470366161989350     
  -14.279966607226331     
  -14.089567052463314     
  -13.899167497700297     
  -13.708767942937278     
  -13.518368388174261     
  -13.327968833411244     
  -13.137569278648225     
  -12.947169723885208     
  -12.756770169122191     
  -12.566370614359172     
  -12.375971059596154     
  -12.185571504833137     
  -11.995171950070119     
  -11.804772395307101     
  -11.614372840544085     
  -11.423973285781067     
  -11.233573731018048     
  -11.043174176255031     
  -10.852774621492012     
  -10.662375066728995     
  -10.471975511965978     
  -10.281575957202959     
  -10.091176402439942     
  -9.9007768476769247     
  -9.7103772929139058     
  -9.5199777381508870     
  -9.3295781833878699     
  -9.1391786286248529     
  -8.9487790738618358     
  -8.7583795190988170     
  -8.5679799643357999     
  -8.3775804095727828     
  -8.1871808548097640     
  -7.9967813000467469     
  -7.8063817452837299     
  -7.6159821905207092     
  -7.4255826357576922     
  -7.2351830809946751     
  -7.0447835262316580     
  -6.8543839714686392     
  -6.6639844167056221     
  -6.4735848619426051     
  -6.2831853071795845     
  -6.0927857524165674     
  -5.9023861976535503     
  -5.7119866428905333     
  -5.5215870881275144     
  -5.3311875333644974     
  -5.1407879786014803     
  -4.9503884238384614     
  -4.7599888690754444     
  -4.5695893143124273     
  -4.3791897595494103     
  -4.1887902047863896     
  -3.9983906500233726     
  -3.8079910952603555     
  -3.6175915404973384     
  -3.4271919857343196     
  -3.2367924309713025     
  -3.0463928762082855     
  -2.8559933214452649     
  -2.6655937666822496     
  -2.4751942119192307     
  -2.2847946571562154     
  -2.0943951023931966     
  -1.9039955476301778     
  -1.7135959928671589     
  -1.5231964381041401     
  -1.3327968833411248     
  -1.1423973285781059     
 -0.95199777381509065     
 -0.76159821905207181     
 -0.57119866428905297     
 -0.38079910952603768     
 -0.19039955476301529     
   0.0000000000000000     
  0.19039955476301884     
  0.38079910952603413     
  0.57119866428905297     
  0.76159821905207181     
  0.95199777381508710     
   1.1423973285781059     
   1.3327968833411248     
   1.5231964381041436     
   1.7135959928671589     
   1.9039955476301778     
   2.0943951023931930     
   2.2847946571562119     
   2.4751942119192307     
   2.6655937666822460     
   2.8559933214452649     
   3.0463928762082872     
   3.2367924309712990     
   3.4271919857343214     
   3.6175915404973402     
   3.8079910952603555     
   3.9983906500233743     
   4.1887902047863932     
   4.3791897595494085     
   4.5695893143124273     
   4.7599888690754426     
   4.9503884238384614     
   5.1407879786014803     
   5.3311875333644956     
   5.5215870881275144     
   5.7119866428905333     
   5.9023861976535485     
   6.0927857524165674     
   6.2831853071795898     
   6.4735848619426015     
   6.6639844167056239     
   6.8543839714686357     
   7.0447835262316580     
   7.2351830809946769     
   7.4255826357576922     
   7.6159821905207110     
   7.8063817452837299     
   7.9967813000467451     
   8.1871808548097640     
   8.3775804095727828     
   8.5679799643357981     
   8.7583795190988170     
   8.9487790738618358     
   9.1391786286248511     
   9.3295781833878699     
   9.5199777381508852     
   9.7103772929139041     
   9.9007768476769265     
   10.091176402439938     
   10.281575957202961     
   10.471975511965979     
   10.662375066728995     
   10.852774621492014     
   11.043174176255032     
   11.233573731018048     
   11.423973285781067     
   11.614372840544082     
   11.804772395307101     
   11.995171950070119     
   12.185571504833135     
   12.375971059596154     
   12.566370614359172     
   12.756770169122188     
   12.947169723885207     
   13.137569278648229     
   13.327968833411241     
   13.518368388174260     
   13.708767942937278     
   13.899167497700297     
   14.089567052463316     
   14.279966607226328     
   14.470366161989347     
   14.660765716752366     
   14.851165271515384     
   15.041564826278403     
   15.231964381041422     
   15.422363935804441     
   15.612763490567460     
   15.803163045330479     
   15.993562600093490     
   16.183962154856509     
   16.374361709619528     
   16.564761264382547     
   16.755160819145566     
   16.945560373908577     
   17.135959928671596     
   17.326359483434615     
   17.516759038197634     
   17.707158592960653     
   17.897558147723672     
   18.087957702486683     
   18.278357257249709     
   18.468756812012728     
   18.659156366775740     
   18.849555921538759     
  -3.1415926535897931     
  -3.0610389958054394     
  -2.9804853380210856     
  -2.8999316802367323     
  -2.8193780224523786     
  -2.7388243646680248     
  -2.6582707068836711     
  -2.5777170490993173     
  -2.4971633913149640     
  -2.4166097335306098     
  -2.3360560757462565     
  -2.2555024179619028     
  -2.1749487601775490     
  -2.0943951023931953     
  -2.0138414446088415     
  -1.9332877868244882     
  -1.8527341290401345     
  -1.7721804712557807     
  -1.6916268134714270     
  -1.6110731556870734     
  -1.5305194979027197     
  -1.4499658401183659     
  -1.3694121823340126     
  -1.2888585245496589     
  -1.2083048667653051     
  -1.1277512089809512     
  -1.0471975511965974     
 -0.96664389341224410     
 -0.88609023562789035     
 -0.80553657784353661     
 -0.72498292005918330     
 -0.64442926227482955     
 -0.56387560449047580     
 -0.48332194670612205     
 -0.40276828892176830     
 -0.32221463113741455     
 -0.24166097335306080     
 -0.16110731556870705     
  -8.0553657784353749E-002
   0.0000000000000000     
   8.0553657784353749E-002
  0.16110731556870705     
  0.24166097335306125     
  0.32221463113741455     
  0.40276828892176786     
  0.48332194670612205     
  0.56387560449047536     
  0.64442926227482955     
  0.72498292005918286     
  0.80553657784353661     
  0.88609023562789080     
  0.96664389341224410     
   1.0471975511965983     
   1.1277512089809516     
   1.2083048667653049     
   1.2888585245496591     
   1.3694121823340124     
   1.4499658401183657     
   1.5305194979027199     
   1.6110731556870732     
   1.6916268134714265     
   1.7721804712557807     
   1.8527341290401340     
   1.9332877868244882     
   2.0138414446088415     
   2.0943951023931948     
   2.1749487601775490     
   2.2555024179619023     
   2.3360560757462565     
   2.4166097335306098     
   2.4971633913149640     
   2.5777170490993173     
   2.6582707068836715     
   2.7388243646680248     
   2.8193780224523790     
   2.8999316802367323     
   2.9804853380210856     
   3.0610389958054398     
   3.1415926535897931     
  -3.1415926535897931     
  -3.0610389958054394     
  -2.9804853380210856     
  -2.8999316802367323     
  -2.8193780224523786     
  -2.7388243646680248     
  -2.6582707068836711     
  -2.5777170490993173     
  -2.4971633913149640     
  -2.4166097335306098     
  -2.3360560757462565     
  -2.2555024179619028     
  -2.1749487601775490     
  -2.0943951023931953     
  -2.0138414446088415     
  -1.9332877868244882     
  -1.8527341290401345     
  -1.7721804712557807     
  -1.6916268134714270     
  -1.6110731556870734     
  -1.5305194979027197     
  -1.4499658401183659     
  -1.3694121823340126     
  -1.2888585245496589     
  -1.2083048667653051     
  -1.1277512089809512     
  -1.0471975511965974     
 -0.96664389341224410     
 -0.88609023562789035     
 -0.80553657784353661     
 -0.72498292005918330     
 -0.64442926227482955     
 -0.56387560449047580     
 -0.48332194670612205     
 -0.40276828892176830     
 -0.32221463113741455     
 -0.24166097335306080     
 -0.16110731556870705     
  -8.0553657784353749E-002
   0.0000000000000000     
   8.0553657784353749E-002
  0.16110731556870705     
  0.24166097335306125     
  0.32221463113741455     
  0.40276828892176786     
  0.48332194670612205     
  0.56387560449047536     
  0.64442926227482955     
  0.72498292005918286     
  0.80553657784353661     
  0.88609023562789080     
  0.96664389341224410     
   1.0471975511965983     
   1.1277512089809516     
   1.2083048667653049     
   1.2888585245496591     
   1.3694121823340124     
   1.4499658401183657     
   1.5305194979027199     
   1.6110731556870732     
   1.6916268134714265     
   1.7721804712557807     
   1.8527341290401340     
   1.9332877868244882     
   2.0138414446088415     
   2.0943951023931948     
   2.1749487601775490     
   2.2555024179619023     
   2.3360560757462565     
   2.4166097335306098     
   2.4971633913149640     
   2.5777170490993173     
   2.6582707068836715     
   2.7388243646680248     
   2.8193780224523790     
   2.8999316802367323     
   2.9804853380210856     
   3.0610389958054398     
   3.1415926535897931     
